CLASSIFICATION REPORT
              precision    recall  f1-score   support

      B-BODY      0.773     0.682     0.724      5315
      B-CHEM      0.829     0.497     0.621      1718
      B-DISE      0.787     0.470     0.589      2609
      B-DRUG      0.730     0.304     0.429       481
      B-EXAM      0.622     0.430     0.509       207
      B-INST      0.716     0.212     0.327       250
      B-SUPP      0.676     0.661     0.669       183
      B-SYMP      0.771     0.562     0.650      1944
      B-TIME      0.827     0.462     0.593       197
     B-TREAT      0.773     0.429     0.552       468
      I-BODY      0.777     0.606     0.681      8254
      I-CHEM      0.892     0.442     0.591      3851
      I-DISE      0.897     0.393     0.546      7571
      I-DRUG      0.872     0.246     0.384      1599
      I-EXAM      0.874     0.370     0.520       733
      I-INST      0.823     0.148     0.251       629
      I-SUPP      0.741     0.673     0.705       551
      I-SYMP      0.810     0.485     0.607      2878
      I-TIME      0.881     0.380     0.531       408
     I-TREAT      0.868     0.304     0.450      1251
           O      0.816     0.986     0.893     77019

    accuracy                          0.814    118116
   macro avg      0.798     0.464     0.563    118116
weighted avg      0.818     0.814     0.792    118116
