CLASSIFICATION REPORT
              precision    recall  f1-score   support

      B-BODY      0.776     0.716     0.745      5315
      B-CHEM      0.789     0.544     0.644      1718
      B-DISE      0.851     0.676     0.754      2609
      B-DRUG      0.811     0.455     0.583       481
      B-EXAM      0.595     0.440     0.506       207
      B-INST      0.821     0.092     0.165       250
      B-SUPP      0.756     0.661     0.706       183
      B-SYMP      0.774     0.532     0.630      1944
      B-TIME      0.908     0.350     0.505       197
     B-TREAT      0.808     0.476     0.599       468
      I-BODY      0.826     0.721     0.770      8254
      I-CHEM      0.856     0.617     0.717      3851
      I-DISE      0.917     0.728     0.812      7571
      I-DRUG      0.897     0.532     0.667      1599
      I-EXAM      0.857     0.458     0.597       733
      I-INST      0.883     0.084     0.154       629
      I-SUPP      0.790     0.677     0.729       551
      I-SYMP      0.835     0.446     0.582      2878
      I-TIME      0.901     0.267     0.412       408
     I-TREAT      0.936     0.490     0.643      1251
           O      0.866     0.984     0.922     77019

    accuracy                          0.860    118116
   macro avg      0.831     0.521     0.612    118116
weighted avg      0.859     0.860     0.847    118116
